<svg xmlns="http://www.w3.org/2000/svg" width="1200" height="520" viewBox="0 0 1200 520">
<rect width="100%" height="100%" fill="#f7f1e3"/>
<text x="70" y="24" font-size="18" font-family="Arial" fill="#222">FFT Magnitude Spectrum</text>
<line x1="70" y1="465" x2="1170" y2="465" stroke="#333" stroke-width="1"/>
<line x1="70" y1="30" x2="70" y2="465" stroke="#333" stroke-width="1"/>
<line x1="70" y1="30" x2="70" y2="465" stroke="#d5cdb9" stroke-width="1"/>
<text x="70" y="490" text-anchor="middle" font-size="12" font-family="Arial" fill="#333">0 Hz</text>
<line x1="290" y1="30" x2="290" y2="465" stroke="#d5cdb9" stroke-width="1"/>
<text x="290" y="490" text-anchor="middle" font-size="12" font-family="Arial" fill="#333">1000 Hz</text>
<line x1="510" y1="30" x2="510" y2="465" stroke="#d5cdb9" stroke-width="1"/>
<text x="510" y="490" text-anchor="middle" font-size="12" font-family="Arial" fill="#333">2000 Hz</text>
<line x1="730" y1="30" x2="730" y2="465" stroke="#d5cdb9" stroke-width="1"/>
<text x="730" y="490" text-anchor="middle" font-size="12" font-family="Arial" fill="#333">3000 Hz</text>
<line x1="950" y1="30" x2="950" y2="465" stroke="#d5cdb9" stroke-width="1"/>
<text x="950" y="490" text-anchor="middle" font-size="12" font-family="Arial" fill="#333">4000 Hz</text>
<line x1="1170" y1="30" x2="1170" y2="465" stroke="#d5cdb9" stroke-width="1"/>
<text x="1170" y="490" text-anchor="middle" font-size="12" font-family="Arial" fill="#333">5000 Hz</text>
<polyline fill="none" stroke="#1f6f5b" stroke-width="2" points="70.00,64.69 75.16,42.08 80.31,43.50 85.47,30.00 90.62,82.51 95.78,274.89 100.94,385.73 106.09,244.58 111.25,115.58 116.41,249.46 121.56,441.23 126.72,432.94 131.88,430.90 137.03,443.81 142.19,456.68 147.34,442.49 152.50,442.04 157.66,440.74 162.81,443.29 167.97,454.47 173.12,433.63 178.28,433.51 183.44,447.20 188.59,457.71 193.75,462.32 198.91,455.43 204.06,454.37 209.22,455.17 214.38,457.78 219.53,457.81 224.69,459.61 229.84,460.39 235.00,457.12 240.16,453.15 245.31,451.56 250.47,451.78 255.62,453.77 260.78,456.76 265.94,459.30 271.09,463.30 276.25,460.39 281.41,461.47 286.56,461.89 291.72,463.44 296.88,458.57 302.03,456.02 307.19,460.59 312.34,458.19 317.50,454.83 322.66,457.77 327.81,463.10 332.97,462.86 338.12,463.71 343.28,461.77 348.44,461.36 353.59,464.28 358.75,462.06 363.91,462.52 369.06,462.66 374.22,462.16 379.38,462.93 384.53,462.77 389.69,463.96 394.84,462.74 400.00,463.89 405.16,462.34 410.31,463.40 415.47,462.86 420.62,462.19 425.78,463.17 430.94,462.31 436.09,460.95 441.25,461.31 446.41,461.69 451.56,452.03 456.72,444.39 461.88,447.19 467.03,457.46 472.19,462.80 477.34,463.63 482.50,462.72 487.66,462.16 492.81,462.42 497.97,463.80 503.12,464.21 508.28,463.77 513.44,464.54 518.59,464.66 523.75,464.82 528.91,463.95 534.06,464.07 539.22,464.58 544.38,463.82 549.53,464.16 554.69,462.34 559.84,461.94 565.00,462.42 570.16,462.17 575.31,463.00 580.47,464.34 585.62,463.74 590.78,463.47 595.94,464.66 601.09,464.54 606.25,464.54 611.41,464.18 616.56,464.52 621.72,464.52 626.88,463.91 632.03,462.88 637.19,462.89 642.34,462.72 647.50,461.03 652.66,461.30 657.81,459.05 662.97,442.56 668.12,434.91 673.28,449.51 678.44,459.64 683.59,463.49 688.75,461.14 693.91,460.71 699.06,462.48 704.22,464.40 709.38,463.60 714.53,462.57 719.69,461.90 724.84,463.15 730.00,464.46 735.16,463.92 740.31,461.56 745.47,461.99 750.62,463.37 755.78,464.44 760.94,463.62 766.09,463.01 771.25,463.80 776.41,464.80 781.56,464.81 786.72,463.37 791.88,462.44 797.03,463.75 802.19,462.16 807.34,459.29 812.50,459.71 817.66,463.00 822.81,464.74 827.97,464.00 833.12,462.87 838.28,463.87 843.44,464.68 848.59,464.48 853.75,464.57 858.91,464.78 864.06,464.54 869.22,464.67 874.38,464.11 879.53,464.31 884.69,464.91 889.84,464.36 895.00,463.09 900.16,462.68 905.31,450.34 910.47,408.15 915.62,392.82 920.78,440.72 925.94,450.16 931.09,456.26 936.25,462.86 941.41,464.87 946.56,464.96 951.72,464.53 956.88,464.78 962.03,464.76 967.19,464.62 972.34,464.81 977.50,464.36 982.66,462.69 987.81,461.79 992.97,463.24 998.12,463.97 1003.28,464.05 1008.44,464.24 1013.59,464.28 1018.75,464.51 1023.91,464.90 1029.06,464.62 1034.22,464.62 1039.38,464.35 1044.53,464.04 1049.69,463.66 1054.84,463.11 1060.00,463.64 1065.16,463.87 1070.31,464.11 1075.47,464.41 1080.62,464.15 1085.78,464.31 1090.94,464.85 1096.09,464.28 1101.25,463.88 1106.41,464.29 1111.56,464.27 1116.72,464.02 1121.88,464.53 1127.03,464.51 1132.19,464.47 1137.34,464.54 1142.50,464.73 1147.66,464.84 1152.81,464.76 1157.97,464.32 1163.12,464.72 1168.28,464.54 "/>
<text x="620" y="508" text-anchor="middle" font-size="13" font-family="Arial" fill="#333">Frequency</text>
<text x="18" y="247" transform="rotate(-90 18 247)" text-anchor="middle" font-size="13" font-family="Arial" fill="#333">Magnitude</text>
</svg>
